((("delete-selection-mode" .
   [0 0 0 0 0 0 0 0 0 0 0 1 0 0 0 0 0 0 0 0 0])
  ("NULL" .
   [1 0 0 0])
  ("initialize_data" .
   [0 0 0 0 0 0 0 1 0 0 0 0 0 0 0])
  ("dir" .
   [1 0 0])
  ("readdir" .
   [1 0 0 0 0 0 0])
  ("file" .
   [1 0 0 0])
  ("str2" .
   [2 0 0 0])
  ("get_next_line" .
   [0 0 0 1 0 0 0 0 0 0 0 0 0])
  ("if" .
   [6 0])
  ("else" .
   [7 0 0 0])
  ("free" .
   [1 0 0 0])
  ("fd" .
   [2 0])
  ("ret" .
   [9 0 0])
  ("fclean" .
   [1 0 0 0 0 0])
  ("MAKE" .
   [1 0 0 0])
  ("LIB" .
   [1 0 0])
  ("int" .
   [6 0 0])
  ("main" .
   [3 0 0 0])
  ("void" .
   [1 0 0 0])
  ("return" .
   [5 0 0 0 0 0])
  ("message" .
   [0 0 0 0 0 0 1])
  ("printf" .
   [23 0 0 0 0 0])
  ("plop" .
   [1 0 0 0])
  ("load-file" .
   [1 0 0 0 0 0 0 0 0])
  ("sources" .
   [1 0 0 0 0 0 0])
  ("SRCDIR" .
   [0 0 0 0 1 0])
  ("OBJDIR" .
   [2 0 0 0 0 0])
  ("OBJ" .
   [1 0 1])
  ("libft" .
   [0 0 0 1 0])
  ("done" .
   [1 0 0 0])
  ("char" .
   [3 0 0 0])
  ("param" .
   [5 0 0 0 0])
  ("param_l" .
   [0 0 0 0 1 0 0])
  ("str" .
   [2 0 0])
  ("ac" .
   [1 0])
  ("av" .
   [1 0])
  ("typedef" .
   [1 0 0 0 0 0 0])
  ("struct" .
   [1 0 0 0 0 0])
  ("INC_LIB" .
   [0 0 0 1 0 0 0])
  ("10" .
   [1 0])
  ("type" .
   [9 0 0 1])
  ("tmp" .
   [28 0 0])
  ("ft_putchar" .
   [0 0 0 0 0 0 1 0 0 0])
  ("path" .
   [4 0 0 0])
  ("name" .
   [15 0 0 0])
  ("next" .
   [8 0 0 0])
  ("child" .
   [4 0 0 0 0])
  ("while" .
   [6 0 0 0 0])
  ("include" .
   [4 0 0 0 0 0 0])
  ("ft_strcmp" .
   [0 0 0 0 0 0 0 1 0])
  ("data" .
   [12 0 0 0])
  ("t_data" .
   [4 0 0 0 0 0])
  ("tmp2" .
   [15 0 0 0])
  ("run_data" .
   [0 0 0 2 0 0 1 0])
  ("len" .
   [2 0 0])
  ("union" .
   [0 0 1 0 0])
  ("tmp3" .
   [7 0 0 0])
  ("file-modes" .
   [0 0 0 0 2 0 0 0 0 0])
  ("file-exists-p" .
   [0 0 0 0 0 0 0 0 0 0 0 0 2])
  ("set" .
   [1 0 0])
  ("setq" .
   [2 0 0 0])
  ("config_files" .
   [0 0 0 0 0 0 0 0 0 0 0 2])))
